[gd_scene format=3 uid="uid://8iou88pqr1kg"]

[ext_resource type="PackedScene" uid="uid://p0woubn7sm3r" path="res://assets/kenney/bee.blend" id="1_ddjdi"]

[node name="bee" unique_id=610208570 instance=ExtResource("1_ddjdi")]

[node name="body" parent="animal-bee/root" parent_id_path=PackedInt32Array(1483306506) index="0" unique_id=2128405075]
transform = Transform3D(0.99924153, 0.036151342, 0.01446869, -0.036164165, 0.9993456, 0.0006252917, -0.0144366175, -0.0011480654, 0.99989516, 1.573182e-08, 0.26520598, -3.8083503e-08)

[node name="wing-left" parent="animal-bee/root/body" index="0" unique_id=821592174]
transform = Transform3D(0.9895563, 0.14414677, 0, -0.14414677, 0.9895563, 0, 0, 0, 1, 0.19649982, 1.3192949, -0.022000015)

[node name="wing-right" parent="animal-bee/root/body" index="1" unique_id=777535949]
transform = Transform3D(0.9895562, -0.14414676, 0, 0.14414676, 0.9895562, 0, 0, 0, 1, -0.19649982, 1.3192949, -0.022000015)
